0.0 0.1 0.1 0.1
0.0627615062762 0.09611242425479277 0.09998716815957744 0.09999998867166415
0.125523012552 0.08505219640249599 0.09979954876605598 0.09999928875829708
0.188284518828 0.06852191874723555 0.09902458996283091 0.09999208957025839
0.251046025105 0.04902796001575526 0.09708402525430815 0.09995699201214446
0.313807531381 0.029446874484845828 0.09337483003798075 0.09984273461427129
0.376569037657 0.012532069179365894 0.08742535533924942 0.09955407470366769
0.439330543933 0.0004499351732915153 0.07903468489204696 0.09894223352311386
0.502092050209 -0.005572140451533588 0.0683661716347489 0.09780373808966789
0.564853556485 -0.005423561094798269 0.055974110214407256 0.09589009430740758
0.627615062762 -8.503450527281773e-05 0.04275513889881253 0.09292871452175798
0.690376569038 0.008592867968775878 0.029829853976887623 0.08865329253357407
0.753138075314 0.018263492198134425 0.01837362377158418 0.082839770847813
0.81589958159 0.026539137506052853 0.009425625752892203 0.07534258813514
0.878661087866 0.0314419940700798 0.0037099663710038304 0.0661253289868677
0.941422594142 0.03176707744031611 0.0015014660326736066 0.05528035314799706
1.00418410042 0.027290564373985582 0.0025613084380376504 0.04303343551361317
1.06694560669 0.018786148987167874 0.00615582330627411 0.029731633409407467
1.12970711297 0.007848337060680059 0.011157091927204208 0.01581518959905888
1.19246861925 -0.003442080269222202 0.016209597221071632 0.0017768115621378767
1.25523012552 -0.012945647953947896 0.01993545250097396 -0.011886305500460118
1.3179916318 -0.01890268596939491 0.021143806482239364 -0.024721148442676085
1.38075313808 -0.020298344040030912 0.019009286631342697 -0.0363615667275402
1.44351464435 -0.017083800424377706 0.013189799946395214 -0.046559232901461856
1.50627615063 -0.010210224618636589 0.003864782197933879 -0.0551990311420221
1.5690376569 -0.001467195769004645 -0.008311033861042887 -0.062297471979692806
1.63179916318 0.00684569132739877 -0.02232839558669003 -0.06798536995565162
1.69456066946 0.012353727696516364 -0.03699607869467365 -0.07247835480719961
1.75732217573 0.013067750970254827 -0.05113385832056837 -0.07604043015645073
1.82008368201 0.007784033389894259 -0.06375159885197434 -0.07894652670435623
1.88284518828 -0.0036524802913505735 -0.07418361366215874 -0.08144965320483812
1.94560669456 -0.020272679035632086 -0.08215643020932557 -0.08375696966058042
2.00836820084 -0.040112699192062465 -0.08778075162945596 -0.0860171765751235
2.07112970711 -0.060527431617033244 -0.09147278108199934 -0.08831934703387992
2.13389121339 -0.07863333977894149 -0.09382311227401804 -0.09070120986537426
2.19665271967 -0.09180168571024006 -0.09544084623096394 -0.09316328718962683
2.25941422594 -0.09811370820804577 -0.09680461695204323 -0.09568451383678586
2.32217573222 -0.09669546366953197 -0.09815037247924356 -0.0982350827111197
2.38493723849 -0.08787174824770194 -0.09941806409097027 -0.10078329182462559
2.44769874477 -0.07311098994304754 -0.10026764357365821 -0.10329483543382546
2.51046025105 -0.05477103218853366 -0.10016092197550491 -0.10572497465360467
2.57322175732 -0.03569143945503349 -0.0984928389748495 -0.10800589589212055
2.6359832636 -0.018706040322355136 -0.0947455838813514 -0.1100329781449821
2.69874476987 -0.006162934099748411 -0.0886343133875963 -0.11165428556876106
2.76150627615 0.0004622953397545675 -0.08021416036409292 -0.11266731715553237
2.82426778243 0.0007912077914895013 -0.06992493859840937 -0.11282586407705335
2.8870292887 -0.0044325588514335145 -0.05856190341772383 -0.11185791757017488
2.94979079498 -0.013520098093579146 -0.047174441209572864 -0.10949341100843817
3.01255230126 -0.024180426301289647 -0.03690852508078258 -0.10549844613998419
3.07531380753 -0.033964610544843 -0.028819805041315344 -0.09971103779363319
3.13807531381 -0.04072745574416809 -0.0236904506680147 -0.09207261305944407
3.20083682008 -0.043020906520173555 -0.021883076515077756 -0.08264971892323687
3.26359832636 -0.040346904126393704 -0.023259154251452092 -0.07164160006731127
3.32635983264 -0.03322404787463834 -0.027178356347410258 -0.05937134608814716
3.38912133891 -0.0230577090767658 -0.03258109481538538 -0.04626082965718084
3.45188284519 -0.01184012647248378 -0.038141831870603334 -0.032792226579508754
3.51464435146 -0.0017388515112295418 -0.042468137898086476 -0.01946108768555023
3.57740585774 0.005347178929679215 -0.04431225205259152 -0.006727335425101859
3.64016736402 0.008178717476609254 -0.042759610903070094 0.005029067212102857
3.70292887029 0.00643912267852334 -0.03736280291831348 0.01554174024679882
3.76569037657 0.0008179992610337257 -0.028199058940023194 0.024676462672094186
3.82845188285 -0.007101844667890511 -0.015842849780021307 0.032432727736597694
3.89121338912 -0.015134506521268765 -0.0012600101519857484 0.03892893651205821
3.9539748954 -0.02090491403455383 0.014356563437511183 0.04437435060231224
4.01673640167 -0.02230963126458609 0.029779760964025993 0.049032777452345716
4.07949790795 -0.0179381191128719 0.04393541125499001 0.05318391751204721
4.14225941423 -0.007374612119308135 0.05605137981779533 0.05708821794920532
4.2050209205 0.008677752811306129 0.0657439658324276 0.06096000604068809
4.26778242678 0.02847649579132492 0.07302902302386462 0.06495184197571315
4.33054393305 0.049511649437266034 0.07825935888875467 0.06915080273034704
4.39330543933 0.06892263299360951 0.08200373281453595 0.073585174033474
4.45606694561 0.08398629986531368 0.08489316285422567 0.07823827311239452
4.51882845188 0.09258844175163668 0.08746593356954098 0.08306507848514776
4.58158995816 0.09359355634608746 0.09004225194729182 0.08800723603454996
4.64435146444 0.08704579799582356 0.09265318041892752 0.09300282005728264
4.70711297071 0.07416473856630831 0.09503742579440817 0.09798877161403587
4.76987447699 0.05713561492152402 0.09670641049345415 0.10289583943654577
4.83263598326 0.03873228053604586 0.09706404657678622 0.10763785533497469
4.89539748954 0.021840621947280627 0.09555690579508719 0.11209870964243933
4.95815899582 0.008967758510135202 0.09182426169515487 0.11612122380503644
5.02092050209 0.0018248786924174596 0.08581689894443893 0.11950207737436092
5.08368200837 0.0010577404971821118 0.07785908984669487 0.12199598415003951
5.14644351464 0.006171407529792549 0.06863868633231643 0.1233305946323191
5.20920502092 0.015660148492690665 0.05912377107692849 0.12323147242687021
5.2719665272 0.02731590587581749 0.05041835412971855 0.1214543333793606
5.33472803347 0.03865630115742496 0.043581532810603785 0.11781997547807394
5.39748953975 0.047391774904195556 0.03944209854054122 0.11224631641112337
5.46025104603 0.05184502715014373 0.03844232895392034 0.10477191595242377
5.5230125523 0.051245582017517416 0.040540254419516274 0.0955663384280546
5.58577405858 0.04584618998495773 0.045189799385052985 0.0849245648975929
5.64853556485 0.03684151508885593 0.051404600980711035 0.07324509817092499
5.71129707113 0.026106559023941794 0.0578965767030679 0.060993979167024225
5.77405857741 0.01580618113137461 0.06326691298666455 0.04865924366551692
5.83682008368 0.00795109167332122 0.06621772576856737 0.036701949083794726
5.89958158996 0.003985620122940559 0.06574882916755359 0.025510523217397458
5.96234309623 0.004486316397414757 0.06130662361915844 0.015364707058006471
6.02510460251 0.00902972470635071 0.05286043982985552 0.006413882727250253
6.08786610879 0.016255815205595214 0.04089439602656549 -0.0013276592388904024
6.15062761506 0.02411651217589589 0.026317713466774573 -0.007968608475799761
6.21338912134 0.030263872788183755 0.010310519635408974 -0.01371430175781009
6.27615062762 0.03250571688603723 -0.005866815906038457 -0.018830837628030016
6.33891213389 0.029243174070968506 -0.021066913891428025 -0.023605512090961404
6.40167364017 0.01980748442130422 -0.034417773262744644 -0.028309580835331725
6.46443514644 0.004631100330694946 -0.04542713682835361 -0.033168533335469014
6.52719665272 -0.014781480439856188 -0.054012955350741805 -0.03834335247025765
6.589958159 -0.036080968885090096 -0.06045797209157863 -0.04392404420916208
6.65271966527 -0.05645990420354675 -0.0653004633894533 -0.049934448262463675
6.71548117155 -0.07313012356840987 -0.06918478585151733 -0.05634539119646572
6.77824267782 -0.08380529407678139 -0.07270238399199898 -0.06309197724058649
6.8410041841 -0.08710155620638016 -0.07625485950666999 -0.07009048610726148
6.90376569038 -0.08278331807188112 -0.0799659791461784 -0.07725089363755491
6.96652719665 -0.07180947577426788 -0.08365937929246463 -0.08448242918809652
7.02928870293 -0.05617092810321741 -0.08690578781411823 -0.09169143812569525
7.09205020921 -0.0385481026341764 -0.08912977636086354 -0.0987728150382958
7.15481171548 -0.021850455228444123 -0.08975397768322234 -0.10559800279581867
7.21757322176 -0.008720182965545619 -0.08835140877784682 -0.11200357018285831
7.28033472803 -0.0010890382477763867 -0.08477439047200067 -0.11778459280198118
7.34309623431 0.00013308688706053563 -0.07923267841645398 -0.12269632248152156
7.40585774059 -0.004816743976991014 -0.07230269186819106 -0.1264661188767269
7.46861924686 -0.014635767902862055 -0.06486279682358387 -0.1288155544105078
7.53138075314 -0.027225551154935718 -0.057963675674687444 -0.12949043978441804
7.59414225941 -0.04009885448485269 -0.05265548954821778 -0.12829463363842267
7.65690376569 -0.05084683163919997 -0.04980233282652252 -0.12512228944581938
7.71966527197 -0.05757972187643795 -0.04991773439130271 -0.1199829083453967
7.78242677824 -0.05925987918408456 -0.05305203940289915 -0.11301429553351477
7.84518828452 -0.055866771117308894 -0.05875379991840888 -0.10448018218618663
7.90794979079 -0.04836535953554918 -0.0661144595133497 -0.09475158374544208
7.97071129707 -0.03848627816994048 -0.0738908741902002 -0.08427354839619962
8.03347280335 -0.02836119495244766 -0.08068642289075532 -0.07352131454121065
8.09623430962 -0.020084119793686094 -0.08516071613998388 -0.0629517264704611
8.1589958159 -0.015282922474413103 -0.08623274235606622 -0.05295659169529811
8.22175732218 -0.014783204812864591 -0.0832432740772891 -0.04382444634635466
8.28451882845 -0.018429281294098886 -0.07604938930671064 -0.0357159291420552
8.34728033473 -0.0250974059667383 -0.06503584456711316 -0.028655857083709258
8.410041841 -0.03289984693489427 -0.05104270898181652 -0.022542488672936532
8.47280334728 -0.039542929825661516 -0.03522298184909825 -0.01717189527632795
8.53556485356 -0.04277206031449015 -0.018856230615646768 -0.012273100895070919
8.59832635983 -0.040820537057927916 -0.0031512165009217087 -0.00754827859923525
8.66108786611 -0.03277708545952434 0.010928138596697251 -0.0027118393654500853
8.72384937238 -0.01880172395046681 0.02278421574110151 0.0024770930884795944
8.78661087866 -0.00014701437308563313 0.032235490735091035 0.008192821415310183
8.84937238494 0.021022422545899016 0.039489110402378284 0.014533690281208291
8.91213389121 0.04198197908495922 0.045044996249788034 0.02152472503260378
8.97489539749 0.05990865670852405 0.049552647762411105 0.02912975813913873
9.03765690377 0.0723695349554806 0.05365007852392665 0.03726904246609761
9.10041841004 0.07774868596371332 0.057817045754986876 0.045837731935906886
9.16317991632 0.07553506813626457 0.06227116700740045 0.0547209702688564
9.22594142259 0.06641864410450414 0.06692674244135823 0.0638025113051337
9.28870292887 0.05217663423936969 0.07142353136408579 0.07296558492532444
9.35146443515 0.03536976903275418 0.07521889459720377 0.08208672122169845
9.41422594142 0.018902752914051742 0.0777241663818075 0.0910250668096922
9.4769874477 0.005527836606449645 0.07845719574695899 0.09961098863570544
9.53974895397 -0.002619772043335052 0.07717959243527762 0.10763818759664007
9.60251046025 -0.004371802207248505 0.07398968805500086 0.11486306607859359
9.66527196653 0.00029920192097870023 0.06935049538022252 0.12101374708469223
9.7280334728 0.010311321653836176 0.06404406977788009 0.1258092305593574
9.79079497908 0.023701567040260822 0.05905781240361749 0.12898699776712377
9.85355648536 0.0380068208991362 0.0554214705900957 0.1303354025822395
9.91631799163 0.0507257144880683 0.054023508271604806 0.1297257941187471
9.97907949791 0.059775549150685225 0.055440249539059086 0.1271387906188207
10.0418410042 0.06386013044265239 0.05980978354031038 0.12267960954887822
10.1046025105 0.06268169930099196 0.06677525135740218 0.11657880388840561
10.1673640167 0.05695964568032013 0.07551015816727817 0.10917692610787003
10.230125523 0.04825509762921046 0.0848238482779805 0.10089418171006795
10.2928870293 0.038636640332543604 0.09333100889283448 0.09218858864372818
10.3556485356 0.030252401246655677 0.0996573374834913 0.08350814256239739
10.4184100418 0.024890449831027433 0.10264712006505756 0.07524351684823716
10.4811715481 0.02361196816388588 0.10153762772619059 0.06768792116385933
10.5439330544 0.026527805838694216 0.0960709189957702 0.061009693433737515
10.6066945607 0.03276132460597816 0.08652482439358919 0.05524119140397863
10.6694560669 0.04060597376429333 0.07365869884817541 0.050285106614727265
10.7322175732 0.04784885546269225 0.058584546218001146 0.04593662603980029
10.7949790795 0.052200103434944155 0.042586911136668945 0.041917539229075935
10.8577405858 0.051747539963181315 0.026923482227085 0.03791674708549469
10.9205020921 0.045350583023144375 0.012641098710506164 0.03363096253192937
10.9832635983 0.03289808942715156 0.0004382910313310396 0.02879978319084746
11.0460251046 0.015379520534839031 -0.009403620420138726 0.023230667979427865
11.1087866109 -0.005247013162480013 -0.017011743576871217 0.01681137202729771
11.1715481172 -0.026368588699193767 -0.02284047149480406 0.009509736441007936
11.2343096234 -0.04515820294738554 -0.027536429552208294 0.0013629246572714785
11.2970711297 -0.05906362335408598 -0.03177744933236453 -0.007540140293681351
11.359832636 -0.06625593760209224 -0.03611771313303473 -0.01707852547702174
11.4225941423 -0.06595626950959378 -0.040869214902052614 -0.027116715896222464
11.4853556485 -0.05858075791525315 -0.04604207789449984 -0.03751620884610091
11.5481171548 -0.045676607398359874 -0.05135445986486597 -0.048139426467018506
11.6108786611 -0.029660249371570163 -0.05630884059776684 -0.0588461101843979
11.6736401674 -0.013403567342425883 -0.06031868693401378 -0.0694842349263681
11.7364016736 0.0002571695879442137 -0.0628590926888264 -0.07987895951763024
11.7991631799 0.009002304931759087 -0.0636104173837428 -0.08982376870416994
11.8619246862 0.011413629753030487 -0.06256470423188669 -0.09907774556331779
11.9246861925 0.007195194876452591 -0.060071650838757935 -0.10737177920766372
11.9874476987 -0.0028076569828001116 -0.05681229213319348 -0.11442471974399254
12.050209205 -0.016792033561041753 -0.05370231539335654 -0.11996837633696653
12.1129707113 -0.03234814741348398 -0.05174057497282222 -0.12377820740836552
12.1757322176 -0.0469104075502822 -0.051829464792724544 -0.1257049760481638
12.2384937238 -0.05822542668234862 -0.05459967826974092 -0.1257019199311206
12.3012552301 -0.06475054201701558 -0.060272216919304566 -0.12384219716028333
12.3640167364 -0.06591041452271688 -0.06858443864141095 -0.12032259975226998
12.4267782427 -0.06216612254152034 -0.07879599198494718 -0.11545152484546496
12.489539749 -0.05488644198563042 -0.08977636242780328 -0.1096216881017503
12.5523012552 -0.04604814367717835 -0.10016115575514094 -0.10327055615037307
12.6150627615 -0.03782384427076414 -0.10855183474592879 -0.09683357411996414
12.6778242678 -0.03213675762293536 -0.11372562378276675 -0.09069656992453193
12.7405857741 -0.030267818801008768 -0.11482011083455088 -0.08515401546370233
12.8033472803 -0.032590291997453266 -0.11146141505453622 -0.08037899569257816
12.8661087866 -0.03848297200604149 -0.10381450061404374 -0.07640898655747334
12.9288702929 -0.04643937556601706 -0.09254779523883737 -0.07314911729693895
12.9916317992 -0.05435323098558135 -0.07871921742760322 -0.07039191989931028
13.0543933054 -0.0599271263893245 -0.06360429793545251 -0.06785010612552037
13.1171548117 -0.06112763185835162 -0.048496840830426186 -0.06519707844703074
13.179916318 -0.056600804355669256 -0.034516834942244924 -0.062108963317250104
13.2426778243 -0.04596883179621724 -0.02245823742834882 -0.058302109900601765
13.3054393305 -0.02994994537499121 -0.012701435567402402 -0.05356113472162876
13.3682008368 -0.01027621929612679 -0.0052029432821816815 -0.047754508090866996
13.4309623431 0.010578722261041477 0.0004394533478550047 -0.040837004818910345
13.4937238494 0.029814762835870482 0.004861610284194831 -0.032840630975804676
13.5564853556 0.04478918852496262 0.008774056335375575 -0.02385746916933734
13.6192468619 0.05348178132262765 0.0128009842054601 -0.014019005354169176
13.6820083682 0.054856610322771907 0.017348465966996917 -0.0034766205456553557
13.7447698745 0.049054213098994874 0.02252688205884027 0.007612846106123049
13.8075313808 0.037378199153362705 0.02814164478565283 0.019094076390287228
13.870292887 0.022077874995745057 0.03375261501368305 0.030812378593640943
13.9330543933 0.005964977739351193 0.03878923662768955 0.04260646119102207
13.9958158996 -0.00806697323682015 0.04269729431263073 0.05429803204746294
14.0585774059 -0.017534733021685484 0.04508688049045822 0.06568227613899352
14.1213389121 -0.020780974762204477 0.04585066923783196 0.07652326826175468
14.1841004184 -0.01723996509560253 0.04522708237627247 0.08655748141501965
14.2468619247 -0.0075070362327079206 0.04379326642026821 0.09550692451903099
14.309623431 0.006798354048363971 0.04238627168298937 0.10310137541939325
14.3723849372 0.023348603832626793 0.04196473918204175 0.1091070886558245
14.4351464435 0.039543313803766744 0.043435180182764085 0.11335765608049585
14.4979079498 0.052982968864237354 0.04747441419049479 0.11578172823039479
14.5606694561 0.06189372173767662 0.05438137235756068 0.11642229164386508
14.6234309623 0.0654258470266142 0.06398698989440293 0.11544317382368387
14.6861924686 0.06377266754106521 0.07564094947007984 0.11312029348956004
14.7489539749 0.058090392119235924 0.08828059309793666 0.10981754232872623
14.8117154812 0.05023660926770603 0.10057259642369798 0.10594971676435137
14.8744769874 0.042379025721925825 0.11110479939056596 0.10193713583698784
14.9372384937 0.03654997461856004 0.11859637182879017 0.0981580890926145
15.0 0.034232071683896456 0.12209087666885722 0.0949057892594789
